41 53 153 288 292 467 491 778 900 1150 
1416 1587 1655 1842 1869 1999 2082 2154 2306 2421 
2510 2600 2634 2995 3035 3093 3195 3430 3548 3557 
3602 3728 3788 3902 4031 4041 4169 4596 4639 4664 
4734 4827 4833 4886 4966 5002 5021 5075 5097 5249 
5436 5447 5537 5699 5705 5829 5844 6038 6191 6224 
6270 6334 6359 6422 6483 6617 6618 6729 6868 6900 
7376 7448 7616 7711 7958 8281 8723 8909 8942 9040 
9161 9374 9503 9514 9741 9758 9789 9832 9894 9930 
9961 10021 10285 10291 10322 10383 10585 10712 11008 11020 
11323 11337 11478 11511 11538 11840 11942 12052 12287 12292 
12316 12382 12623 12859 13030 13290 13401 13458 13931 13966 
13977 14309 14310 14343 14604 14688 14771 14798 14893 14945 
14989 15006 15141 15255 15281 15350 15457 15573 15574 15724 
15890 16118 16202 16413 16423 16512 16519 16541 16827 16941 
16944 17035 17189 17410 17421 17451 17673 17807 17861 18007 
18127 18190 18467 18538 18588 18636 18651 18716 18756 18762 
18875 18935 19072 19156 19169 19264 19589 19629 19668 19718 
19796 19815 19895 19912 19954 20037 20055 20142 20328 20472 
20485 20537 20580 20600 20798 21003 21538 21548 21724 21726 
21881 22190 22355 22386 22483 22646 22648 22704 22798 22813 
22888 22929 23199 23281 23622 23655 23757 23805 23811 23844 
23986 24021 24084 24179 24182 24221 24272 24350 24370 24389 
24393 24464 24484 24626 24648 24767 24946 25200 25547 25667 
25721 26299 26308 26362 26418 26500 26777 26869 26924 26962 
27088 27157 27348 27350 27446 27506 27529 27595 27624 27644 
27753 27892 27938 28009 28145 28253 28433 28476 28617 28703 
28745 29168 29314 29358 29657 29658 29869 30106 30191 30303 
30333 30523 30836 30932 31101 31107 31115 31322 31426 31556 
31673 31998 32209 32391 32439 32591 32609 32662 32702 32757