32757 32702 32662 32609 32591 32439 32391 32209 31998 31673 
31556 31426 31322 31115 31107 31101 30932 30836 30523 30333 
30303 30191 30106 29869 29658 29657 29358 29314 29168 28745 
28703 28617 28476 28433 28253 28145 28009 27938 27892 27753 
27644 27624 27595 27529 27506 27446 27350 27348 27157 27088 
26962 26924 26869 26777 26500 26418 26362 26308 26299 25721 
25667 25547 25200 24946 24767 24648 24626 24484 24464 24393 
24389 24370 24350 24272 24221 24182 24179 24084 24021 23986 
23844 23811 23805 23757 23655 23622 23281 23199 22929 22888 
22813 22798 22704 22648 22646 22483 22386 22355 22190 21881 
21726 21724 21548 21538 21003 20798 20600 20580 20537 20485 
20472 20328 20142 20055 20037 19954 19912 19895 19815 19796 
19718 19668 19629 19589 19264 19169 19156 19072 18935 18875 
18762 18756 18716 18651 18636 18588 18538 18467 18190 18127 
18007 17861 17807 17673 17451 17421 17410 17189 17035 16944 
16941 16827 16541 16519 16512 16423 16413 16202 16118 15890 
15724 15574 15573 15457 15350 15281 15255 15141 15006 14989 
14945 14893 14798 14771 14688 14604 14343 14310 14309 13977 
13966 13931 13458 13401 13290 13030 12859 12623 12382 12316 
12292 12287 12052 11942 11840 11538 11511 11478 11337 11323 
11020 11008 10712 10585 10383 10322 10291 10285 10021 9961 
9930 9894 9832 9789 9758 9741 9514 9503 9374 9161 
9040 8942 8909 8723 8281 7958 7711 7616 7448 7376 
6900 6868 6729 6618 6617 6483 6422 6359 6334 6270 
6224 6191 6038 5844 5829 5705 5699 5537 5447 5436 
5249 5097 5075 5021 5002 4966 4886 4833 4827 4734 
4664 4639 4596 4169 4041 4031 3902 3788 3728 3602 
3557 3548 3430 3195 3093 3035 2995 2634 2600 2510 
2421 2306 2154 2082 1999 1869 1842 1655 1587 1416 
1150 900 778 491 467 292 288 153 53 41 
