UNSORTED ARRAY
41 18467 6334 26500 19169 15724 11478 29358 26962 24464 
5705 28145 23281 16827 9961 491 2995 11942 4827 5436 
32391 14604 3902 153 292 12382 17421 18716 19718 19895 
5447 21726 14771 11538 1869 19912 25667 26299 17035 9894 
28703 23811 31322 30333 17673 4664 15141 7711 28253 6868 
25547 27644 32662 32757 20037 12859 8723 9741 27529 778 
12316 3035 22190 1842 288 30106 9040 8942 19264 22648 
27446 23805 15890 6729 24370 15350 15006 31101 24393 3548 
19629 12623 24084 19954 18756 11840 4966 7376 13931 26308 
16944 32439 24626 11323 5537 21538 16118 2082 22929 16541 
4833 31115 4639 29658 22704 9930 13977 2306 31673 22386 
5021 28745 26924 19072 6270 5829 26777 15573 5097 16512 
23986 13290 9161 18636 22355 24767 23655 15574 4031 12052 
27350 1150 16941 21724 13966 3430 31107 30191 18007 11337 
15457 12287 27753 10383 14945 8909 32209 9758 24221 18588 
6422 24946 27506 13030 16413 29168 900 32591 18762 1655 
17410 6359 27624 20537 21548 6483 27595 4041 3602 24350 
10291 30836 9374 11020 4596 24021 27348 23199 19668 24484 
8281 4734 53 1999 26418 27938 6900 3788 18127 467 
3728 14893 24648 22483 17807 2421 14310 6617 22813 9514 
14309 7616 18935 17451 20600 5249 16519 31556 22798 30303 
6224 11008 5844 32609 14989 32702 3195 20485 3093 14343 
30523 1587 29314 9503 7448 25200 13458 6618 20580 19796 
14798 15281 19589 20798 28009 27157 20472 23622 18538 12292 
6038 24179 18190 29657 7958 6191 19815 22888 19156 11511 
16202 2634 24272 20055 20328 22646 26362 4886 18875 28433 
29869 20142 23844 1416 21881 31998 10322 18651 10021 5699 
3557 28476 27892 24389 5075 10712 2600 2510 21003 26869 
17861 14688 13401 9789 15255 16423 5002 10585 24182 10285 
27088 31426 28617 23757 9832 30932 4169 2154 25721 17189 

SORTED ARRAY
41 53 153 288 292 467 491 778 900 1150 
1416 1587 1655 1842 1869 1999 2082 2154 2306 2421 
2510 2600 2634 2995 3035 3093 3195 3430 3548 3557 
3602 3728 3788 3902 4031 4041 4169 4596 4639 4664 
4734 4827 4833 4886 4966 5002 5021 5075 5097 5249 
5436 5447 5537 5699 5705 5829 5844 6038 6191 6224 
6270 6334 6359 6422 6483 6617 6618 6729 6868 6900 
7376 7448 7616 7711 7958 8281 8723 8909 8942 9040 
9161 9374 9503 9514 9741 9758 9789 9832 9894 9930 
9961 10021 10285 10291 10322 10383 10585 10712 11008 11020 
11323 11337 11478 11511 11538 11840 11942 12052 12287 12292 
12316 12382 12623 12859 13030 13290 13401 13458 13931 13966 
13977 14309 14310 14343 14604 14688 14771 14798 14893 14945 
14989 15006 15141 15255 15281 15350 15457 15573 15574 15724 
15890 16118 16202 16413 16423 16512 16519 16541 16827 16941 
16944 17035 17189 17410 17421 17451 17673 17807 17861 18007 
18127 18190 18467 18538 18588 18636 18651 18716 18756 18762 
18875 18935 19072 19156 19169 19264 19589 19629 19668 19718 
19796 19815 19895 19912 19954 20037 20055 20142 20328 20472 
20485 20537 20580 20600 20798 21003 21538 21548 21724 21726 
21881 22190 22355 22386 22483 22646 22648 22704 22798 22813 
22888 22929 23199 23281 23622 23655 23757 23805 23811 23844 
23986 24021 24084 24179 24182 24221 24272 24350 24370 24389 
24393 24464 24484 24626 24648 24767 24946 25200 25547 25667 
25721 26299 26308 26362 26418 26500 26777 26869 26924 26962 
27088 27157 27348 27350 27446 27506 27529 27595 27624 27644 
27753 27892 27938 28009 28145 28253 28433 28476 28617 28703 
28745 29168 29314 29358 29657 29658 29869 30106 30191 30303 
30333 30523 30836 30932 31101 31107 31115 31322 31426 31556 
31673 31998 32209 32391 32439 32591 32609 32662 32702 32757 
